room: 903.0x550.0
obstacle: 41.000000x300.000000 [580.000000, 93.000000]
obstacle: 41.000000x298.000000 [718.000000, 93.000000]
obstacle: 87.000000x39.000000 [626.000000, 94.000000]
obstacle: 91.000000x40.000000 [623.000000, 229.000000]
obstacle: 41.000000x300.000000 [396.000000, 95.000000]
obstacle: 66.000000x37.000000 [326.000000, 358.000000]
obstacle: 34.000000x66.000000 [290.000000, 330.000000]
obstacle: 42.000000x306.000000 [143.000000, 93.000000]
auto_robot: [641.000000, 154.000000] { speed: 20.000000, angle: 80.000000, rotation_speed: 45.000000, elide_distance: 20.000000, elide_rotation: 66.218299 }
auto_robot: [474.000000, 274.000000] { speed: 20.000000, angle: 60.000000, rotation_speed: 45.000000, elide_distance: 20.000000, elide_rotation: 66.218299 }
control_robot: [259.000000, 200.000000] { speed: 100.000000, angle: -90.000000, rotation_speed: 60.000000 }
robot: [46.000000, 436.000000] { speed: 20.000000, angle: 0.000000 }
